name: ai_reader_env
channels:
  - conda-forge
  - anaconda
  - defaults
dependencies:
  - bazel=0.24.1=he3c9ec2_0
  - certifi=2019.11.28=py36_0
  - m2-base=1.0.0=3
  - m2-bash=4.3.042=5
  - m2-bash-completion=2.3=2
  - m2-catgets=1.1=3
  - m2-coreutils=8.25=102
  - m2-dash=0.5.8=2
  - m2-diffutils=3.3=4
  - m2-file=5.25=2
  - m2-filesystem=2016.04=4
  - m2-findutils=4.6.0=2
  - m2-gawk=4.1.3=2
  - m2-gcc-libs=5.3.0=4
  - m2-gettext=0.19.7=4
  - m2-gmp=6.1.0=3
  - m2-grep=2.22=4
  - m2-gzip=1.7=2
  - m2-inetutils=1.9.2=2
  - m2-info=6.0=2
  - m2-less=481=2
  - m2-libasprintf=0.19.7=4
  - m2-libbz2=1.0.6=3
  - m2-libcatgets=1.1=3
  - m2-libcrypt=1.3=2
  - m2-libgettextpo=0.19.7=4
  - m2-libiconv=1.14=3
  - m2-libintl=0.19.7=4
  - m2-liblzma=5.2.2=2
  - m2-libpcre=8.38=2
  - m2-libreadline=6.3.008=8
  - m2-libutil-linux=2.26.2=2
  - m2-libxml2=2.9.2=3
  - m2-make=4.1=5
  - m2-mintty=1!2.2.3=2
  - m2-mpfr=3.1.4=2
  - m2-msys2-launcher-git=0.3.28.860c495=2
  - m2-msys2-runtime=2.5.0.17080.65c939c=3
  - m2-ncurses=6.0.20160220=2
  - m2-sed=4.2.2=3
  - m2-tar=1.28=4
  - m2-tftp-hpa=5.2=2
  - m2-time=1.7=2
  - m2-ttyrec=1.0.8=2
  - m2-tzcode=2015.e=2
  - m2-unzip=6.0=3
  - m2-util-linux=2.26.2=2
  - m2-which=2.21=3
  - m2-zip=3.0=2
  - m2-zlib=1.2.8=4
  - msys2-conda-epoch=20160418=1
  - openjdk=11.0.1=1018
  - pip=19.3.1=py36_0
  - posix=1.0.0=2
  - python=3.6.9=h5500b2f_0
  - setuptools=44.0.0=py36_0
  - sqlite=3.30.1=he774522_0
  - swig=3.0.12=h047fa9f_3
  - vc=14.1=h0510ff6_4
  - vs2013_runtime=12.0.21005=1
  - vs2015_runtime=14.16.27012=hf0eaf9b_1
  - wheel=0.33.6=py36_0
  - wincertstore=0.2=py36h7fe50ca_0
  - pip:
    - astroid==2.3.3
    - colorama==0.4.3
    - isort==4.3.21
    - lazy-object-proxy==1.4.3
    - mccabe==0.6.1
    - pylint==2.4.4
    - six==1.13.0
    - typed-ast==1.4.0
    - wrapt==1.11.2
prefix: C:\Users\bbuen\Miniconda3\envs\ai_reader_env

